1231250903063855148
1243898647486398496
874799885763870741
1248009868921667735
904092182229700648
940567997754531860
1005152617497907210
775670152817147905
994214704765472899
1201158440970625025
1215713966957924363
1157629045983424542
1151123963351679079
973520467459719168
219066137122439169
578624614113083412
489869800114356225
1082584773760929834
1094883125408047136
581812301212942347
715573484377341972
912379266698727486
630333004794953759
768029238246768691
825417065950216203
784111439534489600
1009103847920238643
1211752697921933314
847197408080429116
1198695695021002862
1175376618609463306
990383955905749002
1150087484974301316
575360219140456479
1252430677501018238
1012687951454543953
1068089518374277160
886321659437539338
731072225020608554
1140981711652528218
1206288512043716610
1192619756319166526
1105537724959703081
1166668383694098505
1054821731753263184
932226867694563370
1211087954689130618
795089242975895563
831330379310039050
533319584304988213
1140749530938228861
787399374866481222
935356811547119696
1225108040311898214
1209569509040459888
928569839235268640
729458661713510421
1172306752675524621
853050869582790686
933815730183503872
930832171948712019
760801351571210240
1170772535659479186
1163599319123890196
1206668677840248943
1066085838259245136
1114529883654205490
703075415559766016
1036096710302257263
966072186022543381
711396911055241307
789782108331048981
1091042763950268446
903685203418034226
1194686979934261318
1029058497016508416
375235234322448385
1086181760578101258
727614854600458382
1153715777594200074
1155030809951084698
302050872383242240
873722451547291678
499595256270946326
276060004262477825
711428816127393844
432533456807919639
432610292342587392
116275390695079945
282859044593598464
466578580449525760
458276816071950337
491769129318088714
416358583220043796
1213447495200415778
789780574365417473
1199037709457571891
1229474974134308926
1165626960383320114
840461113958203403
1221851705075830909
681881078910550031
1047046691578191903
1203100870107992204
941569964622622760
1120372484974329897
1163435661932646490
1163435837384556656
1163436018855334000
1163436077139382292
1163436277962637402
1163436609220399144
1163436992848216074
768206754798370873
1248705925309530179
1218684825444286619
1097206039893508248
928243681486581861
709093098306797598
1067107964609118288
1163431581118119966
1053729692861075516
1211377612727783434
846965041722818592
1138020235765612555
986372250741665802
1223565379780214836
928188526288322571
1149673131699601499
1238784028618784780
1207593051191648266
1192116595754020886
1069203850487156818
1254179791855161387
1230150857740386487
1127193334738325575
1235212213753614439
722079659507974165
1122866055732269078
1245796867976200212
1244250350442119208
1029713504690782268
617806421551087699
1231321619750850580
950556101294841886
1103027220441743381
1226158532261580870
954444197069463583
1223540258281623586
1238501512502837319
1243822598261837907
963451823342116884
974585093941252157
1142826392116015194
968900682516148294
1241367136824201348
853315683047964753
1167869709610401913
968775029682741258
921841117052407839
1185660779647737866
1205702675631702107
789993401084936222
519125958553370625
885146874657525760
921825364756541521
1184459319635345428
1140609529281785958
925883045087703151
759793841346838559
933815595403730955
1092857305898434700
1081606757576609872
1057793732243640391
1129066091398840412
1122172580640591924
392727121451024384
1018157013999571074
1010651445462323310
1165949118452076656
963562781012025354
1238547235051012169
1146770689580339291
691676037322637352
1193960338173993003
1029422986673000448
917322635216576533
1244292289761902685
1198297674991009884
1233799274144333886
1224081440464044152
1175882716949008476
945993837334134794
1224761977507680452
894198843124613140
1055595677427707954
1051407980853203015
928484410175668294
802858855074758657
1047917496394600529
931974386041389096
1122875713658306690
1134438611018842243
716328159733350411
1187823915599396987
1237774448711569471
972853759640215572
1152332240399904798
1155509827552956416
1223787854719877121
1144299624966930504
822770770882854963
1254581043764265001
902511476063993856
1094550114980331731
1233136578701033513
1205960193939218442
770039362851176469
1222639135853117621
1205581296152346686
1081553445078700102
1082587685077647453
1202041366423814167
1193149257927106650
1130965305355677756
1199427265986052248
1154842526184906849
1193165679298367532
1191765329743990896
1241780948073451552
1190997035634130977
939602719818285076
1172587807433306300
1031282719902150686
1223550414260277299
932043155992371280
1208874234269667340
1165923663170785280
1202717435753664572
1000363609743970355
1172624341289140250
1005045299821158480
1239239156882735254
1144581390365626409
1183372702376001579
1166412723966455970
1026911580560048140
1222230270799908884
903932820123177002
690546809688555570
1163014076457299978
768324992047775755
1224770162365038674
267084600260427777
1254114681183010860
976790825893785620
1161708517372211322
1162385830795550861
1077954804615217212
966753207860731904
1201419900330201128
1220467270384357476
534482826859380736
1044502764534890506
970051063774334976
1206843303664820234
1107213163952361512
962510562535817268
1232040887559782471
1133191808252391544
995829839443542056
1085576243413524580
1003341365213679657
1232358082030604428
1253244454262018162
820306466757804043
1214944891508101182
882306799330558033
1211255161302024233
974430696447836211
1134764930126594119
1223737723312144526
799904033838071818
1223084181534412952
968105796049203231
972814470009217054
1236906920334327828
1214331018568405084
1223912225530450021
537743235808755756
1224413931590914109
1137175503988588584
1057785060603985981
1087287170445885511
846035139687743509
1200210273584304200
1212475789082230795
1009903214646267914
1250690891258265612
1214876915970744320
1051497596197273630
1057985430970187789
991784506694578230
1225987080577093642
1196423048149094430
1071373235398119504
749992573833183303
1192215007186915373
847031284626751528
1227662575458582540
1211453913782427718
1081648129708920872
1226934083247018054
844265487743189054
1244329814899425454
1021827964729557014
930710714237214750
1192057256448118884
1131708956117577728
1070445707057696818
1150084879682375740
1145305223695433778
1241781991158972468
1223608714473504862
899733583533604924
1254566756224209007
962490047767134258
1168842418058166355
847233121660305468
1129528378089811998
1175715867720437792
508347936296534047
1126455885452021810
1244512029381885974
853171339908743169
1224465016388976772
846915057241686037
1232063900556722288
1179456756426997773
1206567432844480544
879722157133930507
1095003641590599752
821436972634734593
1126443465488748564
1213827166987616256
1242186776261689480
1087491912258289898
1007363812552364042
1163609513501397073
1234237055932829740
940292142591533169
178497781881634816
1198007064241373197
1142131688521076796
1077733621697355888
1214274259262902284
784437471080480818
1200865198840488092
1232366279940112464
1116412166845767741
928277645395886160
857290044234924053
1017296541033181204
1236313674763997194
1132388164288393216
1206682618041733191
1224730597453205512
1127246921589862401
1208569176524988476
1128790772918005770
1160584840538751126
1055640008108822549
1242099156403748944
1163243133132341288
1213078474047365140
1079145127706116166
291374521619972106
1174753004918952068
1090727515485651064
1012084375904583780
402850215155204098
625097689939574785
1035606810972926083
1162939436565266532
558092130455781387
1101863772672495726
1035148951621488671
1183458334473453568
1141687050299510834
